# Fix print output for fix def1
-2.33543095418501e-16 -0.000551799552149973 -0.00241454432185907 0.000247269114081589
0.000999999999999699 0.0644664531110006 0.0142959620657224 0.00693672106743776
0.00199999999999975 0.121545920545985 -0.0144254983375563 -0.00966405878393928
0.00299999999999968 0.212625246848394 0.0095083761340251 0.0211138736291446
0.00399999999999973 0.26330882065104 -0.00473753412926595 -0.00378576847705253
0.00499999999999966 0.341325624018204 0.01019791560945 0.00555508285040702
0.00599999999999971 0.414053220279397 0.0111331298616394 0.00311882597863956
0.00699999999999976 0.463356245834316 -0.00860699550146417 -0.00250562199525639
0.00799999999999969 0.531677546805965 0.00316272737913751 0.00268406303988807
0.00899999999999974 0.596914868951164 -0.00826726570591276 -0.00898911975574005
0.00999999999999967 0.679288990895031 0.0118296331337671 0.00432398991384858
0.00999999999999967 0.58126254977811 -0.0784755381235073 -0.0859511027735749
0.0125249999999997 0.48576642045755 -0.166450494712295 -0.156861476328704
0.0150499999999997 0.397996239551914 -0.116287765155052 -0.0949861908111349
0.0175749999999997 0.242693761308086 -0.0495733296239706 -0.0111166941534252
0.0200999999999997 0.0142124469366153 -0.0428011679949965 -0.0740348792945936
0.0226249999999996 -0.146072225894424 -0.0550340560327829 -0.0717117400109885
0.0251499999999997 -0.104941089781002 0.00557723284941157 -0.0232965267427212
0.0276749999999997 -0.0783151739608326 0.0333689358866842 -0.0339874561260772
0.0301999999999997 -0.063636351345985 0.0371520963323815 0.0209290636867541
0.0327249999999997 -0.0863435586601115 0.0603442736850954 -0.0293709778991095
0.0352499999999997 0.0158068292425522 0.0278294122497079 0.00956648631170956
